&namelist_name
lat=1.134464014
h=0.1
r_max=1 
k_N=0.1
l_PN= 0.10 
l_PD=0.02 
a_mix=0.5 
N_0=0.99
Z_0=0.01
S_N_ext=0
g_max=0.5 
I_v=1.095445115
l_ZN=0.01 
l_ZD=0.02
l_D=0
P_0=0.01
D_0=0.99
S_D_ext=0
l_DN=0.001
threshday=75
end_time=365
/
